4294967279,52
4294967279,51
4294967279,50
4243767290,0
4294967279,55
4294967279,54
4294967279,53
4294967279,266
4294967279,61
4294967279,60
4294967279,59
4294967279,58
4294967279,57
4294967279,56
4294967278,358
4294967279,71
4294967279,70
4294967279,69
4294967279,68
4294967279,67
4294967279,66
4294967279,65
4294967279,64
4294967279,63
4294967279,62
4294967279,93
4294967279,92
4294967279,91
4294967279,90
4294967279,89
4294967279,87
4294967279,86
4294967279,85
4294967279,84
4294967279,83
4294967279,82
4294967279,81
4294967279,80
4294967279,79
4294967279,78
4294967279,77
4294967279,76
4294967279,75
4294967279,74
4294967279,73
4294967279,72
4294967279,253
4294967279,250
4294967278,250
4294967279,249
4294967279,248
4294967278,246
4294967279,246
4294967278,244
4294967278,242
4294967279,242
4294967279,240
4294967279,543
4294967278,357
4294967279,239
4294967278,356
4294967279,236
4294967278,235
4294967279,235
4294967278,233
4294967279,233
4294967278,231
4294967279,231
4294967278,229
4294967279,229
4294967279,227
4294967279,119
4294967279,118
4294967279,117
4294967279,116
4294967279,115
4294967279,114
4294967279,113
4294967279,112
4294967279,111
4294967279,110
4294967279,109
4294967279,108
4294967279,105
4294967279,99
4294967279,98
4294967279,97
4294967279,96
4294967279,95
4294967279,94
4294967279,106
4294967279,107
4294967279,225
4294967279,223
4294967278,221
4294967279,104
4294967279,219
4294967279,103
4294967279,217
4294967279,102
4294967279,215
4294967279,101
4294967279,100
4294967278,210
4294967278,37
4294967278,35
4294967278,34
4294967278,31
4294967278,30
4294967278,29
4294967278,28
4294967278,27
4294967278,26
4294967278,25
4294967278,24
4294967278,23
4294967278,22
4294967278,21
4294967278,20
4294967278,19
4294967278,18
4294967278,17
4294967278,282
4294967278,16
4294967278,267
4294967278,15
4294967278,14
4294967278,280
4294967278,13
4294967278,12
4294967278,276
4294967278,11
4294967278,278
4294967278,10
4294967278,262
4294967278,9
4294967278,8
4294967278,7
4294967278,6
4294967278,5
4294967278,4
4294967279,132
4294967279,257
4294967279,131
4294967279,130
4294967279,129
4294967279,256
4294967279,128
4294967279,127
4294967279,126
4294967279,125
4294967279,124
4294967279,123
4294967279,122
4294967279,121
4294967279,120
4294967279,23
4294967279,21
4294967279,17
4294967279,542
4294967278,355
4294967294,221
4294967278,204
4294967278,203
4294967278,202
29,4
29,3
29,2
29,1
4294967278,201
4294967279,541
4294967278,354
4294967278,196
4294967278,195
4294967278,194
4294967279,540
4294967278,193
4294967278,191
4294967278,190
4294967278,189
4294967278,188
4294967278,353
4294967279,539
4294967279,538
4294967278,352
4294967279,537
4294967278,351
4294967278,184
4294967279,536
4294967278,183
4294967278,350
4294967278,182
4294967279,535
4294967278,349
4294967278,180
4294967278,177
4294967278,179
26,5
26,4
4294967278,178
26,3
26,2
26,1
4294967278,176
4294967278,175
4294967279,534
4294967278,173
4294967294,400
4294967294,250
4294967294,406
4294967294,416
4294967294,249
4294967294,167
4294967294,398
4294967294,439
4294967294,456
4294967294,452
4294967294,467
4294967278,172
4294967278,171
4294967278,348
4294967279,533
4294967279,532
4294967278,170
24,5
4294967278,168
24,4
4294967278,167
24,3
24,2
24,1
4294967278,347
4294967278,346
4294967278,166
4294967278,165
23,4
4294967278,164
23,3
23,2
23,1
4294967278,345
4294967278,163
4294967294,263
4294967278,162
4294967279,531
4294967279,530
4294967278,161
22,5
4294967278,159
22,4
4294967278,158
22,3
22,2
22,1
4294967278,344
4294967278,157
4294967278,343
4294967294,89
4294967294,163
4294967294,161
4294967278,155
4294967278,154
21,4
21,3
21,2
21,1
4294967279,529
4294967278,153
4294967278,152
4294967278,151
20,4
20,3
20,2
20,1
4294967279,528
4294967278,150
4294967278,149
4294967294,115
4294967278,36
4294967278,148
4294967279,527
4294967278,147
19,6
4294967278,32
4294967278,144
4294967279,526
4294967278,342
4294967278,33
19,5
4294967278,143
4294967278,142
19,4
19,3
19,2
19,1
4294967279,525
18,4
4294967279,139
18,3
18,2
18,1
4294967279,278
4294967294,387
4294967279,137
4294967278,341
4294967278,340
4294967279,136
17,5
4294967279,133
17,4
17,3
17,2
17,1
4294967279,524
4294967279,20
4294967279,274
4294967279,273
16,4
16,3
16,2
16,1
4294967279,272
0,7
4294967294,392
4294967294,389
4294967294,114
4294967279,16
4294967278,339
4294967279,15
4294967279,14
4294967279,287
4294967278,338
4294967279,13
4294967279,268
4294967279,523
4294967294,470
4294967279,11
4294967279,285
4294967279,522
4294967278,337
4294967279,521
4294967278,336
4294967278,335
4294967279,520
4294967279,261
4294967294,426
4294967294,251
4294967294,40
4294967294,38
4294967294,37
4294967294,36
4294967294,39
4294967294,42
4294967278,334
4294967278,333
4294967279,280
4294967278,332
4294967278,331
4294967278,330
